[10 22]
[13 22]

[7 0]
[5 23]

[7 13]
[20 5]

[24 10]
[16 14]

[7 25]
[13 5]

[24 13]
[6 12]

[23 22]
[18 13]

[3 10]
[3 15]

[10 14]
[6 3]

[28 25]
[1 6]

[20 1]
[10 1]

[0 27]
[9 1]

[16 1]
[12 20]

[28 25]
[19 9]

[11 19]
[12 9]

[6 24]
[21 19]

[18 13]
[19 12]

[8 16]
[17 23]

[20 24]
[28 20]

[19 2]
[10 23]

[1 28]
[26 6]

[24 1]
[2 16]

[13 0]
[18 17]

[8 14]
[21 12]

[9 14]
[10 27]

[16 5]
[14 23]

[10 18]
[24 19]

[16 16]
[12 20]

[2 2]
[2 21]

[25 28]
[28 27]

[14 12]
[16 28]

[5 27]
[16 28]

[21 13]
[19 14]

[19 20]
[27 2]

[14 16]
[28 3]

[27 8]
[1 16]

[17 20]
[15 8]

[7 21]
[22 27]

[6 2]
[18 23]

[6 18]
[13 27]

[15 11]
[3 12]

[12 3]
[2 10]

[17 19]
[2 19]

[24 3]
[16 0]

[15 21]
[20 23]

[15 24]
[13 27]

[4 11]
[28 16]

[23 12]
[5 13]

[6 27]
[5 20]

[25 10]
[4 1]

