1
[2 26]
[18 28]

2
[7 18]
[27 6]

3
[5 26]
[28 21]

4
[4 4]
[7 5]

5
[28 11]
[13 18]

6
[12 19]
[13 18]

7
[22 9]
[3 12]

8
[27 19]
[14 26]

9
[15 28]
[28 6]

10
[20 2]
[0 16]

11
[8 27]
[20 17]

12
[4 11]
[6 27]

13
[11 3]
[2 16]

14
[0 16]
[23 21]

15
[15 11]
[14 7]

16
[15 22]
[15 21]

17
[22 16]
[6 28]

18
[3 12]
[14 7]

19
[15 27]
[6 15]

20
[14 10]
[3 0]

21
[8 8]
[21 2]

22
[8 5]
[21 10]

23
[5 22]
[27 7]

24
[12 10]
[13 8]

25
[6 21]
[2 18]

26
[23 1]
[20 20]

27
[25 12]
[1 7]

28
[4 22]
[17 1]

29
[11 25]
[24 25]

30
[18 2]
[21 6]

31
[14 5]
[21 7]

32
[11 1]
[24 24]

33
[9 8]
[8 22]

34
[13 25]
[19 26]

35
[7 21]
[1 2]

36
[1 10]
[1 17]

37
[10 28]
[13 0]

38
[26 19]
[25 4]

39
[18 7]
[3 28]

40
[8 16]
[21 23]

41
[25 20]
[7 16]

42
[0 10]
[4 22]

43
[1 18]
[23 16]

44
[11 6]
[8 12]

45
[16 16]
[17 22]

46
[0 28]
[25 0]

47
[22 7]
[9 4]

48
[27 23]
[14 0]

49
[1 1]
[6 18]

50
[10 0]
[11 15]

